Supply_Air_Humidity_Sensor: 0.5
Chilled_Water_Supply_Flow_Sensor: 0.5
Discharge_Air_Temperature_Setpoint: 0.5
Dew_Point_Setpoint: 0.5
Solar_Radiance_Sensor: 0.5
Supply_Air_Static_Pressure_Sensor: 0.5
Cooling_Demand_Setpoint: 0.5
Hot_Water_Flow_Sensor: 0.5
Load_Current_Sensor: 0.5
Discharge_Air_Dewpoint_Sensor: 0.5
Wind_Direction_Sensor: 0.5
Chilled_Water_Differential_Temperature_Sensor: 0.5
Low_Outside_Air_Temperature_Enable_Setpoint: 0.5
Angle_Sensor: 0.5
Wind_Speed_Sensor: 0.5
Filter_Differential_Pressure_Sensor: 0.5008488964346349
Discharge_Air_Temperature_Sensor: 0.5020576131687242
Zone_Air_Dewpoint_Sensor: 0.5020746887966804
Differential_Pressure_Sensor: 0.5025210084033614
Zone_Air_Humidity_Sensor: 0.5028768699654775
Outside_Air_Temperature_Sensor: 0.5029940119760479
Pressure_Sensor: 0.504932735426009
Duration_Sensor: 0.5062413314840499
Electrical_Power_Sensor: 0.5069993226461956
Usage_Sensor: 0.5070306038047974
Supply_Air_Temperature_Setpoint: 0.5070422535211268
Power_Sensor: 0.5074371025711916
Current_Sensor: 0.5076383671424994
Static_Pressure_Sensor: 0.5079365079365079
Zone_Air_Temperature_Sensor: 0.5079414512612893
Energy_Usage_Sensor: 0.5080527086383602
Active_Power_Sensor: 0.5089620675281368
Voltage_Sensor: 0.5099361249112846
Hot_Water_Supply_Temperature_Sensor: 0.5102040816326531
Supply_Air_Temperature_Sensor: 0.5102925243770313
Peak_Power_Demand_Sensor: 0.5112244897959184
Sensor: 0.5116735903133353
Outside_Air_Temperature_Setpoint: 0.5137931034482759
Differential_Pressure_Setpoint: 0.5149384885764499
Air_Flow_Sensor: 0.5159332321699545
Reactive_Power_Sensor: 0.5193199381761978
Flow_Sensor: 0.5204638472032742
Water_Temperature_Sensor: 0.5205941931127617
Average_Zone_Air_Temperature_Sensor: 0.521531100478469
Outside_Air_Humidity_Sensor: 0.5238095238095238
Outside_Air_Lockout_Temperature_Setpoint: 0.5273972602739726
Demand_Sensor: 0.5284345047923322
Min_Air_Temperature_Setpoint: 0.5294117647058824
Cooling_Supply_Air_Temperature_Deadband_Setpoint: 0.5294117647058824
Temperature_Sensor: 0.531219137495885
Frequency_Sensor: 0.5319148936170213
Air_Temperature_Sensor: 0.5328505595786702
Temperature_Setpoint: 0.5381246780010304
Max_Air_Temperature_Setpoint: 0.5384615384615384
Air_Temperature_Setpoint: 0.5400430313172364
Speed_Setpoint: 0.5410363694882523
Setpoint: 0.5412459220133603
Parameter: 0.5464290686342754
Return_Water_Temperature_Sensor: 0.5499999999999999
Return_Air_Temperature_Sensor: 0.5507246376811594
Flow_Setpoint: 0.5512082853855005
Air_Flow_Setpoint: 0.5524475524475525
Room_Air_Temperature_Setpoint: 0.5528211284513805
Hot_Water_Return_Temperature_Sensor: 0.5555555555555556
Heating_Supply_Air_Temperature_Deadband_Setpoint: 0.5581395348837209
Discharge_Water_Temperature_Sensor: 0.5641025641025641
Thermal_Power_Sensor: 0.564625850340136
Water_Flow_Sensor: 0.5675675675675675
Position_Sensor: 0.5693375584729139
Chilled_Water_Return_Temperature_Sensor: 0.5698924731182795
Status: 0.5714841891248864
Time_Setpoint: 0.5740740740740741
Warmest_Zone_Air_Temperature_Sensor: 0.5789473684210527
Valve_Position_Sensor: 0.5823336968375136
Damper_Position_Sensor: 0.588855421686747
Differential_Supply_Return_Water_Temperature_Sensor: 0.5962732919254657
Water_Temperature_Setpoint: 0.5964912280701754
Damper_Position_Setpoint: 0.6027397260273972
Static_Pressure_Setpoint: 0.6029411764705882
Chilled_Water_Supply_Temperature_Sensor: 0.625
Cooling_Temperature_Setpoint: 0.6325852036575228
Heating_Temperature_Setpoint: 0.6429980276134122
Supply_Air_Static_Pressure_Setpoint: 0.6438356164383561
Alarm: 0.6549799830158923
Humidity_Setpoint: 0.6756756756756757
Command: 0.7502347417840376
Heating_Demand_Setpoint: 0.8666666666666667
Zone_Air_Humidity_Setpoint: 0.8947368421052632
Rain_Sensor: 1.0
Heating_Demand_Sensor: 1.0
Cooling_Demand_Sensor: 1.0
Reset_Setpoint: 1.0
Outside_Air_Enthalpy_Sensor: 1.0
Outside_Air_CO2_Sensor: 1.0
None: 0.5